160
457
1060
1264
1369
2358
2581
3003
3061
3977
4259
4293
4669
4690
4962
4975
5000
5755
6041
6680
7157
7320
7436
7593
7894
8032
8213
8419
9113
9254
9433
9551
9704
9707
10276
10717
10745
10815
11098
11223
11307
11467
11604
12129
12151
12165
12293
12309
12547
13411
13458
13910
14035
14704
15896
16021
16443
16795
17578
17926
18132
18502
18656
18738
18820
19603
19624
20260
20302
20610
20697
20851
21032
21147
21224
21983
21994
24439
24903
25579
26827
26999
27132
27569
27648
27681
27807
28325
28534
28596
28652
28738
28918
29182
29275
30507
30602
31039
31462
31745
32021
