24439
1060
5000
457
13910
2358
29182
2581
31745
20851
4975
28738
10745
17578
160
9707
3977
4293
5755
9551
7894
1369
8213
18656
9113
12151
18502
27807
16021
20260
17926
18820
12309
18738
1264
21147
26999
13458
4669
30602
13411
3061
10815
15896
16443
27648
7320
20610
12129
8032
30507
19624
20697
27569
18132
12547
27681
31039
6680
21224
14704
28325
9433
9704
11223
16795
12293
10717
32021
4962
11098
12165
31462
7157
7436
4690
28918
20302
3003
14035
26827
27132
11307
28596
6041
25579
28652
7593
19603
28534
11604
9254
24903
4259
21983
11467
21032
29275
21994
8419
10276
6738